1 82881
2 83126
3 83402
4 83430
5 83291
6 82739
7 83729
8 83200
9 83378
10 83246
11 83299
12 83092
13 82991
14 83200
15 83367
16 83481
17 83268
18 83261
19 83644
20 83558
21 83496
22 83198
23 83816
24 83460
25 83465
26 83419
27 83133
28 83342
29 83161
30 83408
31 83407
32 83519
33 83377
34 83525
35 83145
36 82853
37 83090
38 83826
39 83443
40 83469
41 83306
42 83412
43 82973
44 83317
45 83768
46 83068
47 83138
48 83625
49 82990
50 82705
51 83347
52 83515
53 83581
54 83262
55 83360
56 83084
57 83413
58 83171
59 83542
60 83803
61 83189
62 83421
63 83171
64 83628
65 83452
66 83440
67 83600
68 83817
69 83599
70 83293
71 83275
72 83626
73 83215
74 83437
75 83286
76 83379
77 82845
78 82761
79 83233
80 83730
81 83845
82 83366
83 83422
84 83239
85 83499
86 83210
87 83477
88 83708
89 83456
90 82933
91 83441
92 83158
93 83057
94 83068
95 83776
96 83824
97 83212
98 82981
99 83677
100 83105
101 83690
102 82907
103 83153
104 83224
105 83556
106 83419
107 83424
108 83589
109 83047
110 83091
111 83192
112 83194
113 83112
114 82900
115 83262
116 83458
117 83208
118 83626
119 83573
120 83009