1 14050
2 13987
3 13718
4 13687
5 13831
6 13912
7 13923
8 14073
9 13942
10 13806
11 13832
12 14053
13 13944
14 14095
15 13849
16 13896
17 13959
18 13663
19 13962
20 13724
21 14072
22 13556
23 13906
24 13913
25 13920
26 13749
27 13793
28 13891
29 14090
30 13830
31 13645
32 13842
33 14063
34 14021
35 13954
36 13908
37 13832
38 13873
39 14074
40 13925
41 13973
42 13829
43 13802
44 13895
45 14114
46 14023
47 13686
48 13889
49 13989
50 13831
51 13864
52 13868
53 14104
54 13801
55 14053
56 13889
57 13981
58 13879
59 14066
60 13813
61 13952
62 14004
63 14036
64 13855
65 13840
66 13729
67 14129
68 13882
69 14085
70 13766
71 13575
72 14021
73 13871
74 14107
75 14008
76 14044
77 13740
78 13905
79 13949
80 13779
81 13913
82 13968
83 13859
84 14020
85 13749
86 13967
87 13982
88 13963
89 14043
90 13721
91 13967
92 13874
93 13836
94 13991
95 13859
96 13888
97 13857
98 13845
99 13879
100 13704
101 14165
102 13924
103 13804
104 13838
105 13839
106 13937
107 13909
108 14038
109 13853
110 13835
111 13724
112 13969
113 13893
114 13733
115 13741
116 13933
117 13855
118 13905
119 13758
120 13515
121 14059
122 14032
123 13805
124 13739
125 13944
126 14184
127 13843
128 13953
129 13563
130 13998
131 13788
132 13858
133 14017
134 14055
135 13831
136 13905
137 13871
138 13830
139 13834
140 13943
141 14013
142 13975
143 13965
144 13958
145 13882
146 13802
147 13824
148 13978
149 13669
150 13924
151 13823
152 13876
153 13954
154 13690
155 13839
156 13894
157 13924
158 13861
159 13858
160 13945
161 14079
162 13934
163 13998
164 13839
165 13867
166 13759
167 13982
168 13867
169 14016
170 14060
171 13805
172 14087
173 13785
174 13665
175 14126
176 14052
177 13883
178 13920
179 13569
180 13898
181 13711
182 13945
183 13956
184 13730
185 13925
186 13803
187 13984
188 14002
189 13685
190 13802
191 13852
192 13819
193 13883
194 13767
195 13804
196 14074
197 13896
198 14052
199 13914
200 13931
201 13948
202 13950
203 13982
204 13829
205 13822
206 13715
207 13916
208 13749
209 13964
210 13850
211 13963
212 13847
213 13742
214 13857
215 13931
216 13777
217 14111
218 13948
219 14114
220 14026
221 13834
222 13977
223 14073
224 13852
225 14021
226 13755
227 13708
228 13798
229 14032
230 13737
231 13747
232 13836
233 13842
234 13891
235 13956
236 13854
237 13899
238 14007
239 13817
240 13950
241 13883
242 14091
243 14042
244 13671
245 13792
246 13718
247 13850
248 14043
249 13890
250 13834
251 14069
252 13987
253 13832
254 14138
255 13846
256 13856
257 14017
258 13774
259 13908
260 13925
261 13722
262 14005
263 13715
264 13794
265 13719
266 13625
267 14007
268 13900
269 13810
270 13823
271 13984
272 14019
273 13932
274 14053
275 13976
276 14002
277 13930
278 13854
279 13934
280 13838
281 13972
282 13855
283 14013
284 13841
285 13761
286 13619
287 13776
288 13862
289 13979
290 13817
291 13779
292 13933
293 13768
294 13837
295 13606
296 13884
297 13839
298 13904
299 13877
300 14052
301 14030
302 13869
303 13940
304 13967
305 13765
306 13713
307 13908
308 14126
309 13776
310 13950
311 13891
312 14056
313 13770
314 13960
315 14008
316 14030
317 13727
318 13904
319 13939
320 13826
321 14240
322 13972
323 14012
324 13901
325 13769
326 13799
327 13912
328 13712
329 13876
330 13811
331 13863
332 14044
333 13808
334 13829
335 13687
336 13845
337 13927
338 13660
339 14013
340 13682
341 13828
342 13638
343 13911
344 14229
345 14006
346 13859
347 13869
348 13942
349 13904
350 14017
351 13872
352 13926
353 13647
354 13697
355 13822
356 14102
357 13752
358 13867
359 13897
360 14021
361 14081
362 13832
363 13907
364 13927
365 13742
366 13980
367 14087
368 13937
369 13962
370 13816
371 13963
372 13903
373 13955
374 13995
375 14033
376 13969
377 13963
378 13930
379 13654
380 14001
381 13955
382 14032
383 13982
384 13787
385 13864
386 13968
387 13976
388 14084
389 13793
390 13765
391 13786
392 13949
393 14009
394 13971
395 13790
396 13750
397 14115
398 13756
399 13904
400 13734
401 13840
402 13906
403 13967
404 13820
405 13996
406 13784
407 13974
408 13984
409 13896
410 13819
411 13854
412 13952
413 13772
414 13884
415 13939
416 13942
417 14022
418 13855
419 13806
420 13983
421 13865
422 13842
423 13899
424 14110
425 13832
426 13895
427 13869
428 13714
429 14063
430 13752
431 13944
432 13766
433 13829
434 13988
435 13713
436 13886
437 13721
438 13587
439 13880
440 13755
441 14059
442 14098
443 13854
444 13810
445 13807
446 13798
447 13792
448 13812
449 13923
450 13817
451 13945
452 13966
453 13839
454 14052
455 13936
456 13855
457 13702
458 13892
459 13958
460 13764
461 13999
462 13776
463 13765
464 13954
465 14057
466 13633
467 13591
468 13988
469 13863
470 13758
471 13903
472 14013
473 13908
474 13856
475 13989
476 13832
477 13883
478 13840
479 13866
480 13801
481 13847
482 13872
483 13836
484 13840
485 13735
486 13957
487 13865
488 13948
489 14072
490 13893
491 13862
492 13817
493 13856
494 14047
495 13946
496 14114
497 13991
498 13872
499 13874
500 13816
501 13953
502 13684
503 14190
504 13889
505 13734
506 13842
507 14049
508 13710
509 14156
510 13734
511 14075
512 13689
513 13840
514 13756
515 13846
516 14038
517 14161
518 13774
519 13586
520 13748
521 13834
522 14125
523 14005
524 13943
525 14001
526 13886
527 13972
528 13849
529 13896
530 13976
531 13933
532 13804
533 13878
534 13815
535 13971
536 14118
537 14005
538 13780
539 13727
540 13817
541 13904
542 13626
543 13953
544 13932
545 14004
546 13861
547 14074
548 13730
549 13685
550 13707
551 13969
552 13716
553 13952
554 13762
555 13819
556 13970
557 14014
558 13964
559 13715
560 13732
561 13646
562 14002
563 14021
564 13840
565 13704
566 13921
567 13927
568 13792
569 13905
570 14103
571 13910
572 13934
573 13852
574 13746
575 13836
576 14023
577 13962
578 13964
579 13776
580 14057
581 14038
582 13649
583 14066
584 13805
585 13897
586 13737
587 14062
588 14106
589 13856
590 13842
591 13888
592 13703
593 13869
594 13774
595 14020
596 13932
597 13997
598 14039
599 13795
600 13930
601 13830
602 14074
603 13890
604 13939
605 13887
606 13948
607 13884
608 13952
609 13749
610 13755
611 13921
612 13781
613 13822
614 13969
615 13883
616 14059
617 13762
618 13925
619 13892
620 13907
621 13972
622 13841
623 13942
624 13837
625 13830
626 13772
627 14065
628 14016
629 14044
630 14087
631 13856
632 13672
633 13837
634 13995
635 13914
636 13620
637 14117
638 13794
639 13856
640 13891
641 13889
642 14032
643 13750
644 13879
645 13893
646 13918
647 13862
648 13633
649 13691
650 14073
651 13677
652 13924
653 13832
654 13722
655 13999
656 13933
657 13820
658 13987
659 13947
660 13932
661 13693
662 13993
663 14191
664 14126
665 13791
666 13885
667 13760
668 13979
669 13739
670 13821
671 13731
672 14111
673 13845
674 13689
675 13731
676 13817
677 14166
678 13707
679 14165
680 13887
681 13738
682 14133
683 13980
684 13891
685 13790
686 13782
687 13836
688 13877
689 13819
690 13870
691 14028
692 13794
693 13873
694 13892
695 13620
696 13958
697 13850
698 14074
699 13946
700 13715
701 14092
702 13816
703 13800
704 13918
705 14011
706 13814
707 14093
708 14096
709 14024
710 13732
711 13720
712 13784
713 13790
714 13645
715 14016
716 13955
717 13690
718 13799
719 13874
720 13922