1    0.000000    0.000000    0   0
101    31.250000    548.705000    564   528
201    46.875000    1290.191000    1313   1263
301    78.125000    2106.315000    2144   2074
401    78.125000    2969.835000    3007   2931
501    140.625000    3863.176000    3896   3823
601    140.625000    4801.881000    4855   4751
701    187.500000    5759.598000    5806   5699
801    187.500000    6730.193000    6773   6672
901    250.000000    7719.878000    7772   7665
1001    250.000000    8717.022000    8771   8668
1101    312.500000    9749.580000    9816   9688
1201    328.125000    10793.865000    10860   10736
1301    343.750000    11846.157000    11921   11776
1401    375.000000    12907.740000    12968   12844
1501    390.625000    13973.183000    14046   13902
1601    437.500000    15050.126000    15129   14981
1701    484.375000    16137.897000    16214   16053
1801    468.750000    17228.466000    17313   17151
1901    500.000000    18326.814000    18413   18245
2001    546.875000    19423.418000    19503   19323
2101    593.750000    20545.342000    20631   20462
2201    609.375000    21685.749000    21758   21583
2301    640.625000    22830.185000    22910   22740
2401    687.500000    23976.344000    24085   23876
2501    750.000000    25125.389000    25222   25042
2601    734.375000    26279.767000    26364   26162
2701    843.750000    27439.487000    27529   27323
2801    812.500000    28601.972000    28709   28507
2901    875.000000    29766.590000    29849   29667
3001    890.625000    30934.307000    31027   30842
3101    906.250000    32103.806000    32202   31979
3201    968.750000    33289.234000    33390   33157
3301    953.125000    34477.304000    34579   34372
3401    984.375000    35662.919000    35767   35538
3501    1062.500000    36851.202000    36948   36739
3601    1203.125000    38043.882000    38182   37951
3701    1156.250000    39239.813000    39352   39134
3801    1125.000000    40437.212000    40553   40294
3901    1171.875000    41636.071000    41753   41514
4001    1265.625000    42835.347000    42941   42728
4101    1296.875000    44037.269000    44144   43920
4201    1281.250000    45276.582000    45392   45132
4301    1328.125000    46518.271000    46663   46402
4401    1390.625000    47758.935000    47877   47626
4501    1375.000000    49001.756000    49125   48879
4601    1406.250000    50246.140000    50383   50099
4701    1437.500000    51493.570000    51619   51366
4801    1515.625000    52741.317000    52864   52590
4901    1500.000000    53989.644000    54112   53864
5001    1531.250000    55238.353000    55358   55084
5101    1578.125000    56489.367000    56604   56355
5201    1578.125000    57747.995000    57868   57572
5301    1640.625000    59007.532000    59149   58874
5401    1703.125000    60267.169000    60401   60129
5501    1718.750000    61529.256000    61657   61366
5601    1718.750000    62791.655000    62939   62638
5701    1781.250000    64056.242000    64240   63921
5801    1828.125000    65320.540000    65481   65134
5901    2000.000000    66586.324000    66740   66408
6001    1953.125000    67852.512000    67986   67674
6101    1890.625000    69115.767000    69268   68958
6201    1953.125000    70394.585000    70527   70236
6301    1953.125000    71681.362000    71819   71531
6401    1968.750000    72966.782000    73094   72785
6501    2046.875000    74253.425000    74395   74108
6601    2078.125000    75539.139000    75683   75391
6701    2093.750000    76825.035000    77000   76654
6801    2093.750000    78117.019000    78275   77967
6901    2140.625000    79403.802000    79579   79204
7001    2171.875000    80694.717000    80855   80528
7101    2218.750000    81983.217000    82134   81839
7201    2234.375000    83275.068000    83440   83129
7301    2281.250000    84570.942000    84724   84416
7401    2312.500000    85866.038000    86042   85706
7501    2359.375000    87163.088000    87308   86991
7601    2406.250000    88461.304000    88638   88290
7701    2437.500000    89757.823000    89929   89588
7801    2500.000000    91060.650000    91201   90887
7901    2546.875000    92359.805000    92508   92185
8001    2562.500000    93656.921000    93833   93495
8101    2562.500000    94956.778000    95104   94809
8201    2593.750000    96258.566000    96447   96081
8301    2671.875000    97602.547000    97754   97404
8401    2687.500000    98944.429000    99091   98743
8501    2718.750000    100283.334000    100455   100084
8601    2765.625000    101623.960000    101794   101446
8701    2812.500000    102962.368000    103137   102758
8801    2890.625000    104304.873000    104474   104131
8901    2875.000000    105650.681000    105812   105456
9001    2937.500000    106992.803000    107172   106819
9101    3062.500000    108337.888000    108535   108155
9201    2968.750000    109678.911000    109854   109515
9301    3062.500000    111025.059000    111198   110867
9401    3031.250000    112372.310000    112567   112164
9501    3140.625000    113721.760000    113908   113538
9601    3187.500000    115069.951000    115270   114870
9701    3187.500000    116420.911000    116647   116259
9801    3171.875000    117768.100000    117973   117569
9901    3265.625000    119117.147000    119298   118935
