1    0.000000    0.000000    0   0
2    0.000000    1.000000    1   1
4    0.000000    5.000000    5   5
8    0.000000    17.000000    17   17
16    0.000000    49.000000    49   49
32    0.000000    129.000000    129   129
64    0.000000    321.000000    321   321
128    0.000000    769.000000    769   769
256    0.000000    1793.000000    1793   1793
512    0.000000    4097.000000    4097   4097
1024    0.000000    9217.000000    9217   9217
2048    1562.500000    20481.000000    20481   20481
4096    3125.000000    45057.000000    45057   45057
8192    6250.000000    98305.000000    98305   98305