1    0.000000    0.000000    0   0
11    1562.500000    37.800000    41   34
21    0.000000    91.700000    97   87
31    0.000000    154.200000    166   143
41    0.000000    228.400000    256   216
51    0.000000    298.600000    340   276
61    0.000000    375.500000    408   362
71    0.000000    447.500000    489   428
81    0.000000    535.200000    563   504
91    0.000000    629.200000    686   584
101    0.000000    713.100000    750   693
111    0.000000    790.300000    828   734
121    0.000000    884.300000    940   852
131    0.000000    952.700000    1011   914
141    0.000000    1034.500000    1133   970
151    0.000000    1139.800000    1185   1090
161    0.000000    1215.300000    1260   1180
171    0.000000    1334.700000    1435   1268
181    0.000000    1438.400000    1525   1388
191    0.000000    1550.600000    1706   1478
201    0.000000    1632.000000    1715   1536
211    0.000000    1741.200000    1827   1667
221    0.000000    1823.300000    1990   1759
231    0.000000    1957.600000    2127   1831
241    0.000000    2039.400000    2142   1932
251    0.000000    2142.700000    2282   2053
261    0.000000    2233.800000    2292   2156
271    0.000000    2314.400000    2435   2191
281    1562.500000    2419.200000    2627   2339
291    0.000000    2540.300000    2639   2430
301    0.000000    2635.700000    2929   2500
311    0.000000    2722.000000    2849   2596
321    1562.500000    2854.500000    3085   2696
331    0.000000    2984.000000    3098   2874
341    0.000000    3098.900000    3263   3028
351    0.000000    3155.500000    3283   3018
361    1562.500000    3318.900000    3524   3123
371    0.000000    3372.300000    3519   3224
381    0.000000    3554.300000    3725   3381
391    1562.500000    3595.200000    3835   3455
401    0.000000    3766.000000    4038   3533
411    0.000000    3887.200000    4112   3710
421    1562.500000    3963.800000    4534   3689
431    0.000000    4135.300000    4511   3915
441    0.000000    4159.300000    4382   3985
451    1562.500000    4326.200000    4833   4049
461    0.000000    4447.700000    4917   4161
471    0.000000    4398.500000    4514   4330
481    1562.500000    4587.100000    4828   4432
491    0.000000    4700.800000    4946   4534
501    0.000000    4764.900000    4876   4581
511    0.000000    4899.600000    5093   4723
521    0.000000    4964.800000    5120   4775
531    1562.500000    5180.000000    5560   4889
541    0.000000    5324.200000    6021   5069
551    0.000000    5456.800000    5708   5282
561    0.000000    5591.700000    5885   5297
571    0.000000    5578.000000    5910   5361
581    0.000000    5681.300000    5963   5462
591    0.000000    5897.600000    6257   5688
601    0.000000    6023.100000    6349   5780
611    0.000000    6127.300000    6503   5842
621    1562.500000    6276.200000    6584   5853
631    0.000000    6312.600000    6850   5986
641    1562.500000    6346.200000    6846   6058
651    0.000000    6530.800000    6865   6256
661    0.000000    6723.500000    6938   6562
671    0.000000    6922.600000    7509   6574
681    0.000000    6991.200000    7562   6538
691    1562.500000    7081.100000    7298   6941
701    0.000000    7039.600000    7340   6825
711    3125.000000    7452.600000    8022   7037
721    0.000000    7311.400000    7573   7038
731    0.000000    7592.800000    8007   7142
741    0.000000    7689.600000    7958   7436
751    1562.500000    7822.000000    8174   7499
761    0.000000    7891.400000    8258   7687
771    1562.500000    7997.000000    8543   7625
781    0.000000    8070.500000    8359   7782
791    0.000000    8329.900000    8796   7970
801    1562.500000    8463.300000    8718   7924
811    1562.500000    8496.900000    8822   8150
821    0.000000    8618.000000    8964   8380
831    1562.500000    8638.700000    8962   8383
841    0.000000    8655.000000    8847   8347
851    0.000000    8846.200000    9267   8648
861    1562.500000    8970.200000    9316   8704
871    1562.500000    9230.000000    9769   8889
881    0.000000    9225.200000    9740   8929
891    0.000000    9416.100000    10024   9071
901    1562.500000    9654.500000    9911   9443
911    1562.500000    9675.700000    10625   9340
921    0.000000    9901.600000    10974   9376
931    0.000000    9917.300000    10667   9396
941    1562.500000    10191.700000    10563   9647
951    1562.500000    10248.000000    10716   9781
961    0.000000    10230.100000    10629   9961
971    0.000000    10272.300000    10703   10017
981    1562.500000    10429.700000    10849   10145
991    1562.500000    10717.400000    11318   10433
