1    0.000000    0.000000    0   0
11    0.312500    28.464030    55   22
21    0.781250    76.395590    147   58
31    1.093750    133.785220    251   102
41    1.562500    197.473890    355   151
51    2.031250    266.057830    475   206
61    2.656250    338.801610    586   265
71    3.125000    414.012330    724   320
81    3.750000    492.457390    825   389
91    3.906250    573.576250    935   457
101    4.687500    656.335110    1071   517
111    5.312500    741.079310    1240   592
121    5.781250    828.357530    1355   663
131    6.562500    916.617610    1505   741
141    7.031250    1006.081250    1553   807
151    7.500000    1097.756320    1752   874
161    8.125000    1190.695210    1920   964
171    8.906250    1283.493460    1984   1042
181    9.531250    1379.531370    2304   1128
191    10.000000    1475.644620    2313   1201
201    10.468750    1572.536070    2449   1286
211    11.406250    1671.537480    2664   1369
221    11.718750    1770.719790    2740   1434
231    12.500000    1870.059660    2832   1536
241    13.125000    1971.924930    2961   1608
251    13.593750    2072.086120    3292   1698
261    14.218750    2174.764970    3290   1775
271    15.312500    2278.789850    3540   1862
281    15.625000    2380.835630    3728   1966
291    16.250000    2486.527390    3721   2054
301    17.031250    2592.593760    3911   2150
311    17.343750    2698.571970    4195   2228
321    18.593750    2805.911370    4515   2334
331    19.062500    2911.981480    4465   2413
341    20.156250    3020.713000    5106   2493
351    19.843750    3130.217810    4664   2590
361    20.625000    3238.586340    5164   2651
371    22.187500    3348.423160    5028   2801
381    22.656250    3457.417190    5096   2871
391    22.968750    3569.300260    5356   2950
401    23.906250    3681.705440    5481   3058
411    24.531250    3792.493570    5639   3153
421    25.000000    3903.767950    5949   3245
431    25.937500    4016.089860    6085   3362
441    26.718750    4130.166350    6218   3454
451    27.031250    4244.071980    6449   3570
461    27.343750    4356.650930    6613   3636
471    28.281250    4473.042120    6701   3710
481    28.750000    4589.143010    6630   3874
491    29.531250    4701.331180    7009   3968
501    30.625000    4816.953350    7298   4061
511    31.093750    4935.136450    7331   4120
521    31.875000    5050.439830    7384   4246
531    32.500000    5166.179340    7574   4359
541    33.281250    5284.272680    7873   4454
551    34.062500    5401.242940    7558   4565
561    34.375000    5521.504940    7741   4654
571    35.625000    5638.359240    8049   4770
581    35.625000    5757.721450    9039   4840
591    37.343750    5874.943450    8244   4923
601    37.812500    5997.094660    8553   5067
611    38.125000    6114.886210    8917   5173
621    38.750000    6236.112620    8699   5305
631    39.218750    6354.231740    9706   5363
641    40.468750    6475.590710    10067   5485
651    40.312500    6598.591660    9448   5553
661    41.875000    6717.752660    10002   5697
671    42.500000    6840.703050    9793   5761
681    43.437500    6964.288750    9964   5909
691    43.750000    7083.744610    10071   5956
701    44.843750    7209.462490    10195   6107
711    44.843750    7331.000870    10314   6201
721    46.875000    7454.089390    11146   6277
731    47.187500    7575.919270    10697   6437
741    47.656250    7702.025950    10781   6550
751    48.593750    7822.947250    11741   6637
761    48.593750    7948.103630    11211   6809
771    49.531250    8070.063890    11896   6783
781    52.343750    8199.257850    11942   6960
791    51.093750    8322.943460    12008   7024
801    52.500000    8446.201130    12273   7155
811    52.812500    8569.381420    13245   7352
821    53.593750    8697.604210    12524   7403
831    53.906250    8824.000720    12636   7505
841    53.750000    8951.196680    13058   7598
851    54.843750    9075.651050    12974   7707
861    56.875000    9206.561080    12847   7793
871    56.406250    9329.090370    13311   7939
881    58.437500    9456.174980    13483   8108
891    58.125000    9584.267690    14678   8208
901    60.156250    9713.035930    13866   8329
911    58.750000    9838.023060    13589   8369
921    60.156250    9965.856200    13832   8521
931    61.562500    10096.705840    14220   8636
941    62.968750    10224.691650    14153   8616
951    62.656250    10354.330670    14615   8919
961    64.218750    10484.619430    15189   8866
971    64.843750    10611.382340    15002   9070
981    65.312500    10739.042840    14966   9188
991    65.625000    10867.526670    15476   9291
