1    0.000000    0.000000    0   0
101    0.000000    5050.000000    5050   5050
201    0.000000    20100.000000    20100   20100
301    1562.500000    45150.000000    45150   45150
401    0.000000    80200.000000    80200   80200
501    0.000000    125250.000000    125250   125250
601    1562.500000    180300.000000    180300   180300
701    0.000000    245350.000000    245350   245350
801    1562.500000    320400.000000    320400   320400
901    1562.500000    405450.000000    405450   405450
1001    1562.500000    500500.000000    500500   500500
1101    3125.000000    605550.000000    605550   605550
1201    1562.500000    720600.000000    720600   720600
1301    3125.000000    845650.000000    845650   845650
1401    3125.000000    980700.000000    980700   980700
1501    4687.500000    1125750.000000    1125750   1125750
1601    4687.500000    1280800.000000    1280800   1280800
1701    6250.000000    1445850.000000    1445850   1445850
1801    4687.500000    1620900.000000    1620900   1620900
1901    6250.000000    1805950.000000    1805950   1805950
2001    7812.500000    2001000.000000    2001000   2001000
2101    6250.000000    2206050.000000    2206050   2206050
2201    7812.500000    2421100.000000    2421100   2421100
2301    7812.500000    2646150.000000    2646150   2646150
2401    10937.500000    2881200.000000    2881200   2881200
2501    9375.000000    3126250.000000    3126250   3126250
2601    12500.000000    3381300.000000    3381300   3381300
2701    12500.000000    3646350.000000    3646350   3646350
2801    12500.000000    3921400.000000    3921400   3921400
2901    14062.500000    4206450.000000    4206450   4206450
3001    14062.500000    4501500.000000    4501500   4501500
3101    14062.500000    4806550.000000    4806550   4806550
3201    15625.000000    5121600.000000    5121600   5121600
3301    18750.000000    5446650.000000    5446650   5446650
3401    20312.500000    5781700.000000    5781700   5781700
3501    23437.500000    6126750.000000    6126750   6126750
3601    23437.500000    6481800.000000    6481800   6481800
3701    23437.500000    6846850.000000    6846850   6846850
3801    25000.000000    7221900.000000    7221900   7221900
3901    26562.500000    7606950.000000    7606950   7606950
4001    25000.000000    8002000.000000    8002000   8002000
4101    26562.500000    8407050.000000    8407050   8407050
4201    28125.000000    8822100.000000    8822100   8822100
4301    31250.000000    9247150.000000    9247150   9247150
4401    31250.000000    9682200.000000    9682200   9682200
4501    34375.000000    10127250.000000    10127250   10127250
4601    37500.000000    10582300.000000    10582300   10582300
4701    40625.000000    11047350.000000    11047350   11047350
4801    45312.500000    11522400.000000    11522400   11522400
4901    42187.500000    12007450.000000    12007450   12007450
5001    45312.500000    12502500.000000    12502500   12502500
5101    45312.500000    13007550.000000    13007550   13007550
5201    45312.500000    13522600.000000    13522600   13522600
5301    46875.000000    14047650.000000    14047650   14047650
5401    56250.000000    14582700.000000    14582700   14582700
5501    54687.500000    15127750.000000    15127750   15127750
5601    56250.000000    15682800.000000    15682800   15682800
5701    54687.500000    16247850.000000    16247850   16247850
5801    60937.500000    16822900.000000    16822900   16822900
5901    59375.000000    17407950.000000    17407950   17407950
6001    56250.000000    18003000.000000    18003000   18003000
6101    62500.000000    18608050.000000    18608050   18608050
6201    60937.500000    19223100.000000    19223100   19223100
6301    64062.500000    19848150.000000    19848150   19848150
6401    67187.500000    20483200.000000    20483200   20483200
6501    67187.500000    21128250.000000    21128250   21128250
6601    71875.000000    21783300.000000    21783300   21783300
6701    73437.500000    22448350.000000    22448350   22448350
6801    71875.000000    23123400.000000    23123400   23123400
6901    75000.000000    23808450.000000    23808450   23808450
7001    76562.500000    24503500.000000    24503500   24503500
7101    85937.500000    25208550.000000    25208550   25208550
7201    98437.500000    25923600.000000    25923600   25923600
7301    93750.000000    26648650.000000    26648650   26648650
7401    95312.500000    27383700.000000    27383700   27383700
7501    103125.000000    28128750.000000    28128750   28128750
7601    98437.500000    28883800.000000    28883800   28883800
7701    120312.500000    29648850.000000    29648850   29648850
7801    104687.500000    30423900.000000    30423900   30423900
7901    115625.000000    31208950.000000    31208950   31208950
8001    121875.000000    32004000.000000    32004000   32004000
8101    120312.500000    32809050.000000    32809050   32809050
8201    126562.500000    33624100.000000    33624100   33624100
