1    0.000000    0.000000    0   0
11    0.312500    38.781960    48   32
21    0.781250    93.866160    129   80
31    1.250000    156.996170    216   138
41    1.718750    225.577450    301   199
51    2.343750    298.295420    388   265
61    3.125000    374.296040    498   333
71    3.750000    452.999280    633   403
81    4.062500    534.293000    730   481
91    4.531250    617.563210    838   557
101    5.468750    702.555000    937   633
111    6.250000    789.449900    1018   713
121    6.562500    877.954550    1164   797
131    7.500000    967.814730    1280   877
141    7.812500    1058.709680    1416   965
151    8.437500    1150.855160    1614   1045
161    9.062500    1244.573080    1655   1134
171    9.218750    1338.855890    1752   1225
181    9.843750    1434.445210    1864   1312
191    10.781250    1530.934680    1986   1390
201    10.937500    1628.262050    2093   1483
211    11.718750    1726.363260    2189   1576
221    12.500000    1825.186680    2306   1668
231    12.812500    1924.672830    2602   1758
241    13.281250    2025.099430    2680   1853
251    14.218750    2126.519350    2722   1948
261    15.625000    2228.252330    2936   2043
271    15.000000    2331.140820    2991   2119
281    15.468750    2434.163230    3040   2228
291    16.562500    2538.068590    3210   2332
301    17.187500    2642.387470    3451   2424
311    17.656250    2747.088160    3537   2523
321    18.437500    2852.311750    3660   2615
331    19.218750    2958.402790    3786   2725
341    19.843750    3065.210050    3835   2820
351    20.312500    3172.194860    4034   2922
361    21.562500    3279.797550    4103   3012
371    21.875000    3387.975810    4232   3105
381    22.500000    3496.279110    4465   3204
391    23.125000    3604.756330    4490   3317
401    24.843750    3714.381160    4723   3414
411    24.062500    3823.375610    4857   3521
421    24.843750    3934.123610    4963   3621
431    26.250000    4045.427480    5039   3709
441    26.406250    4156.524650    5269   3821
451    27.500000    4267.085450    5331   3934
461    27.812500    4378.883980    5648   4041
471    29.843750    4490.982540    5561   4142
481    29.218750    4602.285530    5862   4260
491    29.843750    4715.815350    5841   4349
501    31.093750    4830.185020    6160   4463
511    30.468750    4942.551190    6264   4560
521    32.031250    5056.296870    6364   4657
531    33.593750    5169.617200    6492   4776
541    33.750000    5285.394940    6676   4867
551    34.531250    5400.186310    6746   4998
561    34.687500    5514.638690    6923   5095
571    35.156250    5629.133610    7008   5202
581    37.187500    5746.242790    7126   5301
591    37.343750    5862.755050    7597   5424
601    38.593750    5978.858710    7533   5505
611    38.750000    6095.715660    7409   5650
621    39.687500    6211.523410    7647   5734
631    40.000000    6329.258120    7814   5844
641    41.250000    6447.199140    8097   5978
651    41.875000    6563.262450    7978   6081
661    42.656250    6682.229970    8167   6167
671    43.437500    6800.033190    8638   6259
681    44.062500    6918.973400    8586   6369
691    45.468750    7037.769530    8654   6484
701    45.000000    7157.312110    8860   6609
711    46.562500    7275.405530    9104   6735
721    46.718750    7394.323700    9219   6816
731    47.656250    7515.354100    9505   6940
741    48.281250    7635.381630    9581   7033
751    50.156250    7754.219330    9391   7160
761    49.375000    7874.212230    9524   7279
771    51.406250    7996.517310    9657   7390
781    50.937500    8116.531380    10197   7475
791    51.562500    8236.892130    10660   7629
801    53.437500    8358.474160    10303   7729
811    53.281250    8480.694290    10390   7872
821    54.062500    8603.026160    10682   7989
831    54.375000    8723.592570    10827   8096
841    55.781250    8846.774250    11083   8168
851    56.718750    8968.558580    11175   8277
861    56.562500    9090.208070    11121   8406
871    58.593750    9214.370800    11788   8551
881    58.281250    9336.732480    11259   8605
891    58.593750    9460.318760    11629   8772
901    60.312500    9582.465190    11856   8889
911    60.468750    9707.372720    11817   9008
921    61.250000    9830.129280    12875   9151
931    62.031250    9953.819960    12132   9212
941    62.812500    10078.211030    12761   9353
951    63.125000    10202.557710    12500   9469
961    64.218750    10327.103790    12719   9582
971    65.000000    10451.717170    13086   9647
981    65.156250    10576.276310    12670   9789
991    67.187500    10702.117610    12996   9894
