1   0.000000
11   55.000000
21   210.000000
31   465.000000
41   820.000000
51   1275.000000
61   1830.000000
71   2485.000000
81   3240.000000
91   4095.000000
101   5050.000000
111   6105.000000
121   7260.000000
131   8515.000000
141   9870.000000
151   11325.000000
161   12880.000000
171   14535.000000
181   16290.000000
191   18145.000000
201   20100.000000
211   22155.000000
221   24310.000000
231   26565.000000
241   28920.000000
251   31375.000000
261   33930.000000
271   36585.000000
281   39340.000000
291   42195.000000
301   45150.000000
311   48205.000000
321   51360.000000
331   54615.000000
341   57970.000000
351   61425.000000
361   64980.000000
371   68635.000000
381   72390.000000
391   76245.000000
401   80200.000000
411   84255.000000
421   88410.000000
431   92665.000000
441   97020.000000
451   101475.000000
461   106030.000000
471   110685.000000
481   115440.000000
491   120295.000000
501   125250.000000
511   130305.000000
521   135460.000000
531   140715.000000
541   146070.000000
551   151525.000000
561   157080.000000
571   162735.000000
581   168490.000000
591   174345.000000
601   180300.000000
611   186355.000000
621   192510.000000
631   198765.000000
641   205120.000000
651   211575.000000
661   218130.000000
671   224785.000000
681   231540.000000
691   238395.000000
701   245350.000000
711   252405.000000
721   259560.000000
731   266815.000000
741   274170.000000
751   281625.000000
761   289180.000000
771   296835.000000
781   304590.000000
791   312445.000000
801   320400.000000
811   328455.000000
821   336610.000000
831   344865.000000
841   353220.000000
851   361675.000000
861   370230.000000
871   378885.000000
881   387640.000000
891   396495.000000
901   405450.000000
911   414505.000000
921   423660.000000
931   432915.000000
941   442270.000000
951   451725.000000
961   461280.000000
971   470935.000000
981   480690.000000
991   490545.000000
