1    0.000000    0.000000    0   0
11    0.000000    55.000000    55   55
21    0.000000    210.000000    210   210
31    0.000000    465.000000    465   465
41    0.000000    820.000000    820   820
51    0.000000    1275.000000    1275   1275
61    0.000000    1830.000000    1830   1830
71    0.000000    2485.000000    2485   2485
81    0.000000    3240.000000    3240   3240
91    156.250000    4095.000000    4095   4095
101    0.000000    5050.000000    5050   5050
111    0.000000    6105.000000    6105   6105
121    0.000000    7260.000000    7260   7260
131    156.250000    8515.000000    8515   8515
141    0.000000    9870.000000    9870   9870
151    156.250000    11325.000000    11325   11325
161    0.000000    12880.000000    12880   12880
171    156.250000    14535.000000    14535   14535
181    0.000000    16290.000000    16290   16290
191    156.250000    18145.000000    18145   18145
201    0.000000    20100.000000    20100   20100
211    156.250000    22155.000000    22155   22155
221    156.250000    24310.000000    24310   24310
231    156.250000    26565.000000    26565   26565
241    0.000000    28920.000000    28920   28920
251    156.250000    31375.000000    31375   31375
261    156.250000    33930.000000    33930   33930
271    156.250000    36585.000000    36585   36585
281    156.250000    39340.000000    39340   39340
291    312.500000    42195.000000    42195   42195
301    156.250000    45150.000000    45150   45150
311    156.250000    48205.000000    48205   48205
321    156.250000    51360.000000    51360   51360
331    156.250000    54615.000000    54615   54615
341    156.250000    57970.000000    57970   57970
351    156.250000    61425.000000    61425   61425
361    312.500000    64980.000000    64980   64980
371    312.500000    68635.000000    68635   68635
381    156.250000    72390.000000    72390   72390
391    468.750000    76245.000000    76245   76245
401    312.500000    80200.000000    80200   80200
411    312.500000    84255.000000    84255   84255
421    312.500000    88410.000000    88410   88410
431    312.500000    92665.000000    92665   92665
441    312.500000    97020.000000    97020   97020
451    468.750000    101475.000000    101475   101475
461    625.000000    106030.000000    106030   106030
471    468.750000    110685.000000    110685   110685
481    312.500000    115440.000000    115440   115440
491    312.500000    120295.000000    120295   120295
501    468.750000    125250.000000    125250   125250
511    468.750000    130305.000000    130305   130305
521    625.000000    135460.000000    135460   135460
531    468.750000    140715.000000    140715   140715
541    781.250000    146070.000000    146070   146070
551    468.750000    151525.000000    151525   151525
561    625.000000    157080.000000    157080   157080
571    625.000000    162735.000000    162735   162735
581    625.000000    168490.000000    168490   168490
591    781.250000    174345.000000    174345   174345
601    937.500000    180300.000000    180300   180300
611    781.250000    186355.000000    186355   186355
621    781.250000    192510.000000    192510   192510
631    625.000000    198765.000000    198765   198765
641    781.250000    205120.000000    205120   205120
651    781.250000    211575.000000    211575   211575
661    781.250000    218130.000000    218130   218130
671    937.500000    224785.000000    224785   224785
681    1093.750000    231540.000000    231540   231540
691    937.500000    238395.000000    238395   238395
701    937.500000    245350.000000    245350   245350
711    781.250000    252405.000000    252405   252405
721    1093.750000    259560.000000    259560   259560
731    937.500000    266815.000000    266815   266815
741    1093.750000    274170.000000    274170   274170
751    1093.750000    281625.000000    281625   281625
761    1093.750000    289180.000000    289180   289180
771    1093.750000    296835.000000    296835   296835
781    1250.000000    304590.000000    304590   304590
791    1093.750000    312445.000000    312445   312445
801    1093.750000    320400.000000    320400   320400
811    1250.000000    328455.000000    328455   328455
821    1406.250000    336610.000000    336610   336610
831    1250.000000    344865.000000    344865   344865
841    1250.000000    353220.000000    353220   353220
851    1562.500000    361675.000000    361675   361675
861    1250.000000    370230.000000    370230   370230
871    1406.250000    378885.000000    378885   378885
881    1406.250000    387640.000000    387640   387640
891    1562.500000    396495.000000    396495   396495
901    1406.250000    405450.000000    405450   405450
911    1562.500000    414505.000000    414505   414505
921    1718.750000    423660.000000    423660   423660
931    1562.500000    432915.000000    432915   432915
941    1718.750000    442270.000000    442270   442270
951    1718.750000    451725.000000    451725   451725
961    1562.500000    461280.000000    461280   461280
971    1718.750000    470935.000000    470935   470935
981    1875.000000    480690.000000    480690   480690
991    1875.000000    490545.000000    490545   490545
