1    0.000000    0.000000    0   0
101    156.250000    5050.000000    5050   5050
201    0.000000    20100.000000    20100   20100
301    0.000000    45150.000000    45150   45150
401    156.250000    80200.000000    80200   80200
501    156.250000    125250.000000    125250   125250
601    312.500000    180300.000000    180300   180300
701    312.500000    245350.000000    245350   245350
801    625.000000    320400.000000    320400   320400
901    468.750000    405450.000000    405450   405450
1001    781.250000    500500.000000    500500   500500
1101    781.250000    605550.000000    605550   605550
1201    1093.750000    720600.000000    720600   720600
1301    1093.750000    845650.000000    845650   845650
1401    1406.250000    980700.000000    980700   980700
1501    1562.500000    1125750.000000    1125750   1125750
1601    1718.750000    1280800.000000    1280800   1280800
1701    1875.000000    1445850.000000    1445850   1445850
1801    2187.500000    1620900.000000    1620900   1620900
1901    2343.750000    1805950.000000    1805950   1805950
2001    2812.500000    2001000.000000    2001000   2001000
2101    2968.750000    2206050.000000    2206050   2206050
2201    3281.250000    2421100.000000    2421100   2421100
2301    3593.750000    2646150.000000    2646150   2646150
2401    3906.250000    2881200.000000    2881200   2881200
2501    4218.750000    3126250.000000    3126250   3126250
2601    4531.250000    3381300.000000    3381300   3381300
2701    4843.750000    3646350.000000    3646350   3646350
2801    5156.250000    3921400.000000    3921400   3921400
2901    5625.000000    4206450.000000    4206450   4206450
3001    5937.500000    4501500.000000    4501500   4501500
3101    6406.250000    4806550.000000    4806550   4806550
3201    6875.000000    5121600.000000    5121600   5121600
3301    8281.250000    5446650.000000    5446650   5446650
3401    7656.250000    5781700.000000    5781700   5781700
3501    8125.000000    6126750.000000    6126750   6126750
3601    8593.750000    6481800.000000    6481800   6481800
3701    9062.500000    6846850.000000    6846850   6846850
3801    9531.250000    7221900.000000    7221900   7221900
3901    10000.000000    7606950.000000    7606950   7606950
4001    10625.000000    8002000.000000    8002000   8002000
4101    11250.000000    8407050.000000    8407050   8407050
4201    11562.500000    8822100.000000    8822100   8822100
4301    12187.500000    9247150.000000    9247150   9247150
4401    12812.500000    9682200.000000    9682200   9682200
4501    13437.500000    10127250.000000    10127250   10127250
4601    13906.250000    10582300.000000    10582300   10582300
4701    14531.250000    11047350.000000    11047350   11047350
4801    15156.250000    11522400.000000    11522400   11522400
4901    15781.250000    12007450.000000    12007450   12007450
5001    16406.250000    12502500.000000    12502500   12502500
5101    17187.500000    13007550.000000    13007550   13007550
5201    17812.500000    13522600.000000    13522600   13522600
5301    18437.500000    14047650.000000    14047650   14047650
5401    19062.500000    14582700.000000    14582700   14582700
5501    19843.750000    15127750.000000    15127750   15127750
5601    20625.000000    15682800.000000    15682800   15682800
5701    21250.000000    16247850.000000    16247850   16247850
5801    22187.500000    16822900.000000    16822900   16822900
5901    24843.750000    17407950.000000    17407950   17407950
6001    23750.000000    18003000.000000    18003000   18003000
6101    24375.000000    18608050.000000    18608050   18608050
6201    25156.250000    19223100.000000    19223100   19223100
6301    26093.750000    19848150.000000    19848150   19848150
6401    26718.750000    20483200.000000    20483200   20483200
6501    27656.250000    21128250.000000    21128250   21128250
6601    28437.500000    -21166372.960000    21783300   21783300
6701    29375.000000    -20501322.960000    22448350   22448350
6801    30156.250000    -19826272.960000    23123400   23123400
6901    31093.750000    -19141222.960000    23808450   23808450
7001    32031.250000    -18446172.960000    24503500   24503500
7101    32968.750000    -17741122.960000    25208550   25208550
7201    33750.000000    -17026072.960000    25923600   25923600
7301    34843.750000    -16301022.960000    26648650   26648650
7401    35781.250000    -15565972.960000    27383700   27383700
7501    36875.000000    -14820922.960000    28128750   28128750
7601    37812.500000    -14065872.960000    28883800   28883800
7701    38750.000000    -13300822.960000    29648850   29648850
7801    39687.500000    -12525772.960000    30423900   30423900
7901    40937.500000    -11740722.960000    31208950   31208950
8001    41875.000000    -10945672.960000    32004000   32004000
8101    42968.750000    -10140622.960000    32809050   32809050
8201    44062.500000    -9325572.960000    33624100   33624100
8301    45156.250000    -8500522.960000    34449150   34449150
8401    46250.000000    -7665472.960000    35284200   35284200
8501    50000.000000    -6820422.960000    36129250   36129250
8601    48281.250000    -5965372.960000    36984300   36984300
8701    49375.000000    -5100322.960000    37849350   37849350
8801    50468.750000    -4225272.960000    38724400   38724400
8901    51718.750000    -3340222.960000    39609450   39609450
9001    52968.750000    -2445172.960000    40504500   40504500
9101    54218.750000    -1540122.960000    41409550   41409550
9201    55312.500000    -625072.960000    42324600   42324600
9301    56718.750000    299977.040000    43249650   43249650
9401    57968.750000    1235027.040000    44184700   44184700
9501    59062.500000    2180077.040000    45129750   45129750
9601    60156.250000    3135127.040000    46084800   46084800
9701    61406.250000    4100177.040000    47049850   47049850
9801    62812.500000    5075227.040000    48024900   48024900
9901    64375.000000    6060277.040000    49009950   49009950
